function [runs, Wp_series] = MultipleRunImport(file, gw)

    runs = 5;
    
    Wp_series(1,:,:) = [2 8 3+14;
                        5 7 3+21;
                        7 7 4+14;
                        8 7 3+21;
                        6 6 3+14;
                        4 6 3+21;
                        3 6 4+14;
                        2 5 3+14;
                        3 3 3;
                        5 3 3+7;
                        6 3 4;
                        7 4 3;
                        7 1 3;
                        4 2 3+7;
                        2 2 4;
                        1 2 3+7];
                    
    Wp_series(2,:,:)= [2 8 3+14;
                        5 7 3+21;
                        7 7 3+14;
                        8 7 3+21;
                        8 6 4+14;
                        4 5 4+14;
                        4 6 3+21;
                        3 6 3+14;
                        1 3 4;
                        5 4 4;
                        5 3 3+7;
                        6 3 3;
                        7 1 3;
                        4 2 3+7;
                        2 2 3;
                        1 2 3+7]; 
   
      Wp_series(3,:,:)= [2 8 3+14;
                        5 7 3+21;
                        7 7 3+14;
                        8 7 3+21;
                        8 6 4+14;
                        5 5 4+21;
                        4 6 3+21;
                        3 6 3+14;
                        1 3 4;
                        4 4 4+7;
                        5 3 3+7;
                        6 3 3;
                        7 1 3;
                        4 2 3+7;
                        2 2 3;
                        1 2 3+7]; 
                    
       Wp_series(4,:,:)=  [2 8 3+14;
                        5 7 3+21;
                        7 7 3+14;
                        8 7 3+21;
                        8 6 4+14;
                        4 6 3+21;
                        3 6 4+14;
                        2 5 3+14;
                        3 3 3;
                        5 3 3+7;
                        5 4 4;
                        6 3 3;
                        7 1 3;
                        4 2 3+7;
                        2 2 4;
                        1 2 3+7]; 
                    
        Wp_series(5,:,:)=  [2 8 3+14;
                        2 7 4+7;
                        5 7 3+21;
                        7 7 3+14;
                        8 7 3+21;
                        8 6 4+14;
                        5 5 3+21;
                        4 5 3+7;
                        1 5 4+7;
                        3 4 3+14;
                        4 3 3+14;
                        5 3 3+7;
                        6 3 3;
                        7 1 3;
                        4 2 3+7;
                        1 1 4];            
                    
        Wp_series(6,:,:)=  [2 8 3+14;
                        2 7 4+7;
                        5 7 3+21;
                        7 7 3+14;
                        8 7 3+21;
                        8 6 4+14;
                        5 5 3+21;
                        4 5 3+7;
                        2 4 3+14;
                        2 3 4+7;
                        4 3 3+21;
                        5 3 3+7;
                        6 3 3;
                        7 1 3;
                        4 2 3+7;
                        3 1 4+21];     
                    
        Wp_series(7,:,:)=  [2 8 3+14;
                        2 7 4+7;
                        5 7 3+21;
                        7 7 3+14;
                        8 7 3+21;
                        8 6 4+14;
                        5 5 3+21;
                        1 5 4+7;
                        3 4 3+14;
                        4 3 4;
                        7 4 4+21;
                        8 3 4+14;
                        7 1 4+21;
                        6 2 4+21;
                        3 1 4;
                        1 1 4];                         
                    
         Wp_series(8,:,:)=  [2 8 3+14;
                        2 7 4+7;
                        5 7 3+21;
                        7 7 3+14;
                        8 7 3+21;
                        8 6 4+14;
                        5 5 3+21;
                        4 5 3+21;
                        2 4 3+7;
                        3 4 3+21;
                        5 3 3+7;
                        6 3 3;
                        7 1 3;
                        4 2 3+7;
                        3 1 4;
                        1 2 4];                           
    
        Wp_series(9,:,:)=  [2 8 3+14;
                        2 7 4+7;
                        5 7 3+21;
                        7 7 3+14;
                        8 7 3+21;
                        4 6 4+7;
                        3 5 4+21;
                        2 4 3+7;
                        5 4 4+21;
                        5 3 3+7;
                        6 3 4;
                        7 4 3;
                        7 1 3;
                        4 2 3+7;
                        3 1 4+21;
                        1 2 4];     
                    
     Wp_series(10,:,:)=  [2 8 3+14;
                        2 7 4+7;
                        5 7 3+21;
                        7 7 3+14;
                        8 7 3+21;
                        4 6 4+7;
                        3 5 4+21;
                        2 4 3+14;
                        2 3 4+7;
                        5 4 4+21;
                        5 3 3+7;
                        6 3 4;
                        7 4 3;
                        7 1 3;
                        4 2 3+7;
                        3 1 4+21];  
                    
     Wp_series(11,:,:)=  [2 8 3+14;
                        2 7 4+7;
                        5 7 3+21;
                        7 7 3+14;
                        8 7 3+21;
                        8 6 4+14;
                        5 5 3+21;
                        1 5 4+7;
                        2 3 3+14;
                        3 4 4+14;
                        4 3 4;
                        7 4 4+21;
                        8 3 4+14;
                        7 1 4+21;
                        6 2 4+21;
                        2 2 3+7];  
                    
     Wp_series(12,:,:)=  [2 8 3+14;
                        3 8 4+7;
                        8 7 3+21;
                        6 6 3+21;
                        6 5 3;
                        5 5 3+21;
                        2 5 4;
                        1 5 3+7;
                        2 3 3+14;
                        3 3 3+7;
                        4 3 4;
                        6 4 4+14;
                        7 4 3;
                        8 3 4+14;
                        7 1 4+21;
                        2 2 3+7];  
                    
        Wp_series(13,:,:)=  [1 1 6;
            4 1 6+21;
            5 1 5+7;
            3 3 7+7;
            3 4 5;
            1 4 6;
            1 7 6;
            3 7 5;
            4 5 5+7;
            5 8 5;
            3 9 7+7;
            1 10 13;
            6 10 13;
            6 7 6;
            5 7 21;
            5 3 14;
            6 2 14;
            9 1 27;
            9 4 21;
            8 6 20;
            9 5 21;
            9 7 21;
            8 7 5;
            8 9 14;
            10 9 20];                   
                    
   Wp_series(:,:,1:2) = (Wp_series(:, :,1:2)-0.5)*gw;        
                    
end